15
10.00
6.00
-1.00
-1.00
-1.00
-1.00
-1.00
-1.00
-1.00
-1.00
-1.00
-1.00
-1.00
-1.00
-1.00
6.00
-1.00
-1.00
-1.00
-1.00
-1.00
-1.00
-1.00
-1.00
-1.00
-1.00
-1.00
14.00
-1.00
-1.00
-1.00
-1.00
-1.00
-1.00
6.00
-1.00
-1.00
-1.00
-1.00
-1.00
1.00
-1.00
-1.00
-1.00
-1.00
-1.00
3.00
-1.00
-1.00
-1.00
6.00
-1.00
-1.00
-1.00
-1.00
-1.00
4.00
4.00
-1.00
-1.00
2.00
-1.00
16.00
9.00
-1.00
-1.00
-1.00
-1.00
-1.00
14.00
-1.00
-1.00
-1.00
-1.00
-1.00
-1.00
10.00
-1.00
-1.00
-1.00
-1.00
8.00
10.00
-1.00
-1.00
-1.00
-1.00
-1.00
-1.00
6.00
-1.00
-1.00
-1.00
-1.00
-1.00
-1.00
-1.00
-1.00
-1.00
-1.00
-1.00
-1.00
-1.00
-1.00
-1.00