20
10.00
-1.00
-1.00
3.00
-1.00
-1.00
-1.00
-1.00
-1.00
-1.00
-1.00
-1.00
-1.00
-1.00
-1.00
-1.00
-1.00
-1.00
-1.00
8.00
6.00
-1.00
-1.00
-1.00
-1.00
-1.00
-1.00
-1.00
-1.00
-1.00
-1.00
-1.00
-1.00
-1.00
-1.00
-1.00
7.00
-1.00
7.00
13.00
-1.00
-1.00
-1.00
-1.00
-1.00
-1.00
-1.00
-1.00
-1.00
-1.00
-1.00
-1.00
-1.00
-1.00
-1.00
-1.00
-1.00
15.00
-1.00
-1.00
-1.00
-1.00
-1.00
-1.00
-1.00
-1.00
8.00
5.00
-1.00
-1.00
6.00
-1.00
-1.00
-1.00
5.00
9.00
-1.00
-1.00
-1.00
-1.00
-1.00
-1.00
-1.00
-1.00
-1.00
-1.00
-1.00
16.00
-1.00
-1.00
-1.00
-1.00
-1.00
-1.00
-1.00
-1.00
-1.00
-1.00
-1.00
14.00
-1.00
-1.00
-1.00
-1.00
-1.00
-1.00
10.00
-1.00
-1.00
-1.00
-1.00
-1.00
-1.00
-1.00
-1.00
-1.00
-1.00
-1.00
-1.00
9.00
-1.00
-1.00
-1.00
-1.00
-1.00
-1.00
-1.00
8.00
12.00
-1.00
-1.00
-1.00
-1.00
-1.00
-1.00
-1.00
7.00
-1.00
-1.00
-1.00
-1.00
-1.00
-1.00
-1.00
-1.00
-1.00
-1.00
-1.00
-1.00
-1.00
-1.00
-1.00
-1.00
-1.00
-1.00
-1.00
-1.00
-1.00
-1.00
-1.00
-1.00
-1.00
8.00
-1.00
-1.00
-1.00
-1.00
-1.00
-1.00
6.00
-1.00
-1.00
-1.00
-1.00
-1.00
5.00
-1.00
-1.00
-1.00
-1.00
-1.00
-1.00
-1.00
-1.00
5.00
-1.00
-1.00
-1.00
-1.00
4.00
